[N
10
9
9 dInitFile
10
9 iInitFile
2
6 memory
1
56 C:/Users/leohas/Documents/Digides/Labbar/EDA322_111/work
5
10 ADDR_WIDTH
7
16 eda322_processor
6
9 INIT_FILE
3
8 behavior
4
10 DATA_WIDTH
8
10 structural
]
[G
1
2
3
1
5
1
0
8
0
0 0
0
0
]
[G
1
2
3
2
5
1
0
8
0
0 0
0
0
]
[G
1
2
3
1
4
1
0
12
0
0 0
0
0
]
[G
1
2
3
2
4
1
0
8
0
0 0
0
0
]
[G
1
2
3
1
6
0
0
0
0
17 0
105
95
109
101
109
111
114
121
95
108
97
98
51
46
109
105
102
1
1
1 17 1 1
]
[G
1
2
3
2
6
0
0
0
0
17 0
100
95
109
101
109
111
114
121
95
108
97
98
51
46
109
105
102
1
1
1 17 1 1
]
[G
1
7
8
1
9
0
0
0
0
17 0
100
95
109
101
109
111
114
121
95
108
97
98
51
46
109
105
102
1
1
1 17 1 1
]
[G
1
7
8
1
10
0
0
0
0
17 0
105
95
109
101
109
111
114
121
95
108
97
98
51
46
109
105
102
1
1
1 17 1 1
]
