[N
15
14
9 dInitFile
15
9 iInitFile
2
6 memory
1
56 C:/Users/leohas/Documents/Digides/Labbar/EDA322_111/work
5
10 ADDR_WIDTH
12
16 eda322_processor
6
9 INIT_FILE
9
7 d_width
11
1 N
3
8 behavior
8
8 dataflow
10
4 regn
4
10 DATA_WIDTH
13
10 structural
7
4 mux2
]
[G
1
10
3
1
11
1
0
8
0
0 0
0
0
]
[G
1
2
3
1
5
1
0
8
0
0 0
0
0
]
[G
1
2
3
2
5
1
0
8
0
0 0
0
0
]
[G
1
2
3
1
4
1
0
12
0
0 0
0
0
]
[G
1
2
3
2
4
1
0
8
0
0 0
0
0
]
[G
1
7
8
1
9
1
0
8
0
0 0
0
0
]
[G
1
2
3
1
6
0
0
0
0
17 0
105
95
109
101
109
111
114
121
95
108
97
98
50
46
109
105
102
1
1
1 17 1 1
]
[G
1
2
3
2
6
0
0
0
0
17 0
100
95
109
101
109
111
114
121
95
108
97
98
50
46
109
105
102
1
1
1 17 1 1
]
[G
1
12
13
1
14
0
0
0
0
17 0
100
95
109
101
109
111
114
121
95
108
97
98
50
46
109
105
102
1
1
1 17 1 1
]
[G
1
12
13
1
15
0
0
0
0
17 0
105
95
109
101
109
111
114
121
95
108
97
98
50
46
109
105
102
1
1
1 17 1 1
]
